120
139708800
914848764359059584
2032957340612951426
57274321104000
720
5040
120
139708800
914848764359059584
2032957340612951426
57274321104000
720
5040
120
139708800
914848764359059584
2032957340612951426
57274321104000
720
5040
120
139708800
914848764359059584
2032957340612951426
57274321104000
720
5040
120
139708800
914848764359059584
2032957340612951426
57274321104000
720
5040
120
139708800
914848764359059584
2032957340612951426
57274321104000
720
5040
120
139708800
914848764359059584
120
139708800
914848764359059584
2032957340612951426
57274321104000
720
5040
120
139708800
914848764359059584
2032957340612951426
57274321104000
720
5040
120
139708800
914848764359059584
2032957340612951426
57274321104000
720
5040
120
139708800
914848764359059584
2032957340612951426
57274321104000
720
5040
120
139708800
914848764359059584
2032957340612951426
57274321104000
720
5040
120
139708800
914848764359059584
2032957340612951426
57274321104000
720
5040
120
139708800
914848764359059584
120
139708800
914848764359059584
2032957340612951426
57274321104000
720
5040
120
139708800
914848764359059584
2032957340612951426
57274321104000
720
5040
120
139708800
914848764359059584
2032957340612951426
57274321104000
720
5040
120
139708800
914848764359059584
2032957340612951426
57274321104000
720
5040
120
139708800
914848764359059584
2032957340612951426
57274321104000
720
5040
120
139708800
914848764359059584
2032957340612951426
57274321104000
720
5040
120
139708800
914848764359059584
120
139708800
914848764359059584
2032957340612951426
57274321104000
720
5040
120
139708800
914848764359059584
2032957340612951426
57274321104000
720
5040
120
139708800
914848764359059584
2032957340612951426
57274321104000
720
5040
120
139708800
914848764359059584
2032957340612951426
57274321104000
720
5040
120
139708800
914848764359059584
2032957340612951426
57274321104000
720
5040
120
139708800
914848764359059584
2032957340612951426
57274321104000
720
5040
120
139708800
914848764359059584
120
139708800
914848764359059584
2032957340612951426
57274321104000
720
5040
120
139708800
914848764359059584
2032957340612951426
57274321104000
720
5040
120
139708800
914848764359059584
2032957340612951426
57274321104000
720
5040
120
139708800
914848764359059584
2032957340612951426
57274321104000
720
5040
120
139708800
914848764359059584
2032957340612951426
57274321104000
720
5040
120
139708800
914848764359059584
2032957340612951426
57274321104000
720
5040
120
139708800
914848764359059584
120
139708800
914848764359059584
2032957340612951426
57274321104000
720
5040
120
139708800
914848764359059584
2032957340612951426
57274321104000
720
5040
120
139708800
914848764359059584
2032957340612951426
57274321104000
720
5040
120
139708800
914848764359059584
2032957340612951426
57274321104000
720
5040
120
139708800
914848764359059584
2032957340612951426
57274321104000
720
5040
120
139708800
914848764359059584
2032957340612951426
57274321104000
720
5040
120
139708800
914848764359059584
120
139708800
914848764359059584
2032957340612951426
57274321104000
720
5040
120
139708800
914848764359059584
2032957340612951426
57274321104000
720
5040
120
139708800
914848764359059584
2032957340612951426
57274321104000
720
5040
120
139708800
914848764359059584
2032957340612951426
57274321104000
720
5040
120
139708800
914848764359059584
2032957340612951426
57274321104000
720
5040
120
139708800
914848764359059584
2032957340612951426
57274321104000
720
5040
120
139708800
914848764359059584
120
139708800
914848764359059584
2032957340612951426
57274321104000
720
5040
120
139708800
914848764359059584
2032957340612951426
57274321104000
720
5040
120
139708800
914848764359059584
2032957340612951426
57274321104000
720
5040
120
139708800
914848764359059584
2032957340612951426
57274321104000
720
5040
120
139708800
914848764359059584
2032957340612951426
57274321104000
720
5040
120
139708800
914848764359059584
2032957340612951426
57274321104000
720
5040
120
139708800
914848764359059584
